5
0 18 15 9 0 21 0 0 0 0 0 0 22 1 0 0 5 0 14 0 12 0 0 13 7
23 0 0 4 0 0 0 11 0 0 0 25 24 0 0 18 0 0 20 0 6 0 0 0 0
0 0 24 13 0 3 0 2 9 0 7 20 19 0 0 0 0 0 0 10 5 0 1 14 0
0 11 16 0 19 0 0 17 23 7 13 2 0 6 0 0 0 0 0 0 0 10 0 0 0
17 12 0 0 0 14 0 1 0 8 3 10 0 0 9 0 2 0 0 0 24 0 18 0 19
0 0 0 20 0 9 0 21 3 0 22 0 18 12 19 14 0 0 0 6 0 0 0 2 0
14 16 0 2 6 25 0 0 0 0 0 5 0 7 0 4 0 0 0 22 0 0 13 0 12
0 0 21 0 0 11 0 0 15 10 0 23 0 0 0 0 13 19 2 16 9 22 5 0 0
8 0 19 5 3 24 0 0 0 18 0 17 0 14 0 1 0 0 0 0 0 0 25 10 0
0 0 0 23 0 0 13 8 12 0 24 0 0 0 0 0 18 0 0 9 0 0 11 0 21
4 0 14 0 0 8 0 7 20 0 2 6 13 0 0 24 3 0 1 0 15 0 0 5 0
0 0 0 0 22 0 15 0 17 0 0 19 0 0 16 7 0 14 0 18 25 11 24 23 0
0 25 0 3 0 23 0 0 0 1 0 0 0 20 0 0 6 9 12 15 0 18 19 17 0
13 0 0 0 0 0 9 0 0 0 0 15 1 25 11 16 0 0 10 0 22 0 4 6 14
21 0 0 24 23 0 0 0 0 0 4 0 0 17 0 0 0 0 0 0 13 0 0 16 20
0 0 0 1 2 0 0 10 0 0 18 14 0 15 25 0 0 0 0 0 0 21 0 0 6
10 19 0 22 0 0 0 0 0 0 0 0 0 0 2 0 0 4 0 11 0 14 0 0 0
25 0 0 0 21 0 0 0 18 0 0 0 0 0 1 9 16 6 13 8 20 0 15 0 22
5 8 0 16 13 4 24 0 19 23 0 0 20 21 0 0 10 0 7 0 0 0 0 11 0
0 9 0 0 0 0 20 0 22 0 12 0 0 11 0 0 0 0 0 23 0 0 7 0 0
0 6 0 0 0 0 0 0 5 22 0 1 0 19 3 0 11 7 0 21 0 24 14 8 0
2 7 0 0 0 12 6 0 0 0 0 0 0 4 8 0 0 0 0 19 0 13 0 0 0
0 21 0 10 0 0 0 19 25 24 9 13 0 18 0 0 0 3 0 2 0 5 0 7 0
0 0 1 0 8 2 0 0 0 0 0 0 10 0 17 0 14 5 18 12 0 0 0 0 0
0 5 18 25 24 20 23 3 0 21 0 0 0 0 0 8 0 0 0 0 0 16 22 1 0
